image: map_20200602.pgm
resolution: 0.025000
origin: [-19.600000, -13.200000, 0.000000]
negate: 0
occupied_thresh: 0.65
free_thresh: 0.196

